6
10
12
26
39
42
44
52
58
60
85
87
91
92
108
132
149
155
167
171
203
231
234
235
244
250
255
280
283
302
306
314
316
322
329
332
345
349
363
390
395
396
411
419
423
459
462
468
469
472
476
485
489
498
511
520
524
531
532
536
543
547
548
564
570
574
585
587
589
594
611
643
658
673
674
682
686
703
713
715
717
719
729
738
757
763
776
784
793
796
798
812
819
825
833
836
842
849
857
875
877
887
897
910
922
923
931
968
978
982
999
1002
1002
1004
1017
1020
1035
1035
1049
1052
1052
1055
1056
1057
1060
1070
1073
1077
1078
1103
1106
1108
1111
1111
1116
1128
1130
1139
1152
1156
1168
1169
1169
1173
1176
1177
1186
1192
1193
1196
1199
1207
1211
1225
1228
1240
1249
1260
1271
1285
1296
1298
1304
1325
1330
1331
1337
1345
1356
1359
1360
1361
1362
1399
1410
1420
1436
1444
1454
1459
1460
1479
1481
1481
1484
1487
1489
1492
1501
1506
1513
1514
1532
1538
1543
1545
1554
1556
1559
1584
1594
1597
1598
1604
1608
1614
1622
1642
1642
1644
1646
1648
1654
1663
1676
1679
1687
1687
1694
1699
1703
1709
1719
1722
1724
1754
1773
1773
1777
1781
1787
1794
1798
1825
1830
1840
1869
1878
1879
1887
1887
1892
1908
1910
1927
1927
1930
1949
1952
1953
1954
1966
1974
1976
1980
1989
2006
2007
2013
2022
2023
2024
2031
2040
2052
2063
2063
2084
2088
2093
2123
2126
2126
2130
2130
2131
2135
2136
2138
2140
2157
2171
2190
2212
2213
2217
2217
2225
2234
2240
2241
2260
2280
2287
2298
2299
2304
2328
2329
2348
2358
2365
2366
2371
2372
2395
2403
2406
2407
2412
2427
2433
2437
2446
2446
2449
2475
2477
2479
2486
2502
2508
2512
2522
2525
2531
2553
2561
2569
2570
2573
2576
2594
2599
2610
2620
2622
2627
2632
2637
2664
2667
2669
2680
2681
2683
2687
2693
2697
2710
2722
2726
2736
2750
2750
2754
2758
2775
2776
2786
2792
2797
2799
2807
2810
2821
2832
2833
2844
2858
2859
2872
2874
2875
2886
2901
2908
2914
2916
2921
2925
2980
3010
3030
3065
3066
3070
3086
3087
3100
3100
3112
3115
3116
3120
3137
3138
3146
3146
3158
3162
3174
3175
3196
3202
3207
3212
3215
3215
3219
3223
3245
3250
3287
3288
3307
3307
3311
3331
3333
3336
3338
3343
3352
3357
3368
3373
3380
3386
3403
3416
3434
3448
3466
3474
3478
3479
3493
3505
3508
3522
3526
3528
3528
3532
3535
3538
3557
3558
3568
3574
3576
3578
3587
3603
3605
3606
3608
3631
3638
3642
3663
3666
3669
3691
3703
3709
3720
3733
3745
3749
3754
3764
3805
3812
3832
3834
3839
3867
3880
3890
3895
3905
3910
3921
3922
3929
3932
3934
3937
3938
3941
3943
3948
3951
3954
3960
3978
3995

